0.1510
-1.7902
-0.4822
-2.6134
-0.6263
0.8586
-3.6326
-0.1577
0.2698
2.9986
3.9966
-0.2715
0.5585
0.2264
1.4776
1.7388
-6.2897
-0.1727
2.1091
-2.4159
0.4157
2.0495
-0.1157
-2.6722
2.7050
4.4760
-0.3193
2.3277
-2.0916
-1.2494
-0.4702
0.2839
0.8911
-3.7034
-0.1983
-0.9034
-3.4615
-1.3943
1.0436
-0.3737
1.6791
-0.3324
-0.5773
2.0675
2.1267
-1.2544
-2.4068
1.3249
0.2843
-1.0280
-0.9515
1.9358
3.5273
2.9063
2.6723
0.4729
1.7235
0.7085
-2.9768
-1.3058
1.1041
-1.2762
4.5169
-1.3679
-1.5742
-1.9925
2.3235
0.2053
-1.0379
-1.6184
1.4021
1.0348
-2.3763
4.1070
3.4064
-2.2939
1.3157
3.1138
2.7571
2.5037
0.1906
-0.3553
0.3896
-0.7890
2.3999
-0.7782
-3.6774
-1.2099
-0.6697
0.0343
-1.5713
3.9895
1.3937
-1.6242
1.2069
-0.3423
5.6236
0.5691
-2.1916
-0.5432
4.2392
1.0013
1.1781
-1.0768
-0.9774
2.3379
0.3395
-1.8392
1.8180
-2.5055
0.0828
-0.3051
-3.3252
0.5042
1.2656
-0.3384
-0.6718
0.0150
1.4606
0.7043
0.0790
1.3926
1.0169
-1.2732
-1.8028
0.0183
-0.0471
4.7508
3.0027
1.9827
-0.7464
-0.0130
3.6179
4.1960
-0.4228
3.0635
1.1308
1.6096
1.8406
3.7580
2.5272
2.6075
-0.1042
3.4155
0.3937
-3.0712
3.0616
-0.9367
1.2715
2.8174
4.7115
3.9157
0.8185
-1.6713
-1.0395
5.1148
2.7934
1.5073
0.0266
1.6808
-0.8074
2.0122
-0.3590
0.9364
1.4940
-1.0918
4.4566
1.7363
1.8381
1.6235
1.9279
0.1521
0.8889
2.2086
-0.9378
2.2996
-0.3267
1.8200
0.9641
1.2259
2.2081
-0.1985
3.4844
1.3205
-0.1506
3.8810
0.8541
-0.0683
-2.4559
-2.0988
2.0690
0.4952
-0.9426
1.6434
0.6678
0.3381
2.2430
-0.2683
-0.6360
3.2933
-0.2646
0.0510
1.1281
1.0287
1.1183
-0.5537
-1.4015
0.2031
2.6019
0.2386
2.3003
-1.9925
2.2602
2.6279
2.5874
0.3432
-0.2556
2.9395
1.6327
4.0676
0.4616
3.1289
-0.2497
0.7748
1.4932
2.0092
1.5913
1.0073
-2.2573
0.3484
2.6250
1.8795
-2.9658
1.9303
0.1186
-2.0124
5.4063
-0.0169
0.0498
-0.5229
3.9094
2.6067
3.6162
-2.0404
1.6494
-3.2732
0.8359
4.9019
0.2497
0.1780
2.7768
0.1387
0.8970
2.6069
-2.9221
3.2714
1.3882
3.3618
-0.0486
3.8354
-0.2172
4.1439
-0.9834
1.5165
0.7947
2.1394
0.0550
-0.8966
0.7493
5.1578
-1.2498
4.5220
0.3193
-4.3741
-0.6477
-0.7679
1.7272
-1.1303
-0.0969
-0.4172
0.2229
-1.4933
1.8215
-0.8155
-2.0779
0.3168
4.3214
-1.5550
0.7407
-1.2491
0.6778
-0.2746
5.3932
0.9778
-1.7850
5.0481
-0.0205
0.3628
0.2801
0.0064
2.8911
1.0785
4.4780
2.4284
0.6308
4.5400
-0.6621
1.3424
0.3179
-1.0262
2.1381
2.1196
2.6313
0.1109
1.7146
-1.1138
2.3324
-0.6090
2.6077
2.3197
4.0178
-1.5477
0.8405
3.6879
1.2563
-0.7517
-1.8642
1.5234
1.0599
2.4471
0.1216
0.4377
0.3687
-0.9011
-0.0569
2.2694
-2.1836
-0.7204
-1.0316
2.3251
-1.3587
-1.0573
1.1359
1.8248
-1.5388
1.7694
0.0973
-1.2961
2.0499
-0.9867
-0.4682
2.3073
-2.2019
1.1628
2.7172
-0.2965
-0.3055
0.3585
0.0569
0.1991
4.9253
1.9571
-0.9980
1.4410
-2.7156
-1.5682
3.5392
2.0614
4.5294
-1.7892
2.5446
-2.3469
0.1707
5.1927
1.8223
-0.9768
2.4542
1.0548
-3.5588
1.1959
-0.8201
2.0018
1.5555
0.7853
0.5376
0.0908
-0.9834
2.1847
-0.1941
0.1096
0.7047
-0.8487
0.4859
-1.4416
-1.6986
-0.1405
2.1594
-1.8296
1.8367
-1.3690
2.0773
-0.4168
-1.1540
-3.4358
-3.3593
-5.3951
0.7971
2.8697
-0.0474
0.0691
1.8478
3.0168
-2.1897
-3.2087
-0.4849
1.9289
1.5490
-2.4481
2.6571
0.7387
-3.8856
-0.9936
3.0213
-0.5393
1.5604
-0.3310
3.0150
-1.1181
-1.4720
-0.3615
-0.7190
-1.4362
-0.5639
-3.1316
1.1365
1.3977
3.4606
0.8735
2.0343
3.3739
-0.6750
2.7091
1.3259
-1.4475
-0.6853
3.3204
-1.0853
-0.2983
-2.3859
1.1236
-0.0153
-1.6856
1.6127
0.1283
-2.5521
2.3234
-2.4199
-1.9940
-0.9954
1.8795
-2.7252
-1.6711
0.2693
1.5509
-0.1754
-0.1992
2.6070
0.1320
-0.6091
1.7164
1.4927
-2.1267
-3.7650
-0.4744
0.1510
0.5761
0.5121
-2.9707
-2.8665
0.9713
1.3609
2.3058
0.1389
-2.6754
0.7149
-0.7283
-4.6799
-0.8846
-3.9265
3.1201
-3.2688
-3.8834
-1.6803
0.5366
4.2390
-3.0118
-0.3176
1.5676
-3.1469
1.5228
-0.3617
-2.9650
-0.7198
1.5042
0.0636
-0.3360
-2.3226
0.8876
-2.2649
0.7145
-1.0259
1.6608
-1.3579
0.4349
-1.3830
-2.1784
2.4156
-2.9515
2.6527
-1.5386
-0.2622
-1.9676
-3.7287
-1.2270
-0.6980
-0.8866
-2.9996
0.2947
1.9641
-0.4922
-2.1247
-0.5990
-3.0704
1.7235
2.9978
0.0945
1.7975
-0.0742
-2.2983
0.0237
-1.7774
1.1648
1.5727
2.3788
0.2423
2.4385
1.7027
-0.4536
-1.7904
0.8333
-0.0767
0.8813
1.4396
-0.2961
-0.7364
-3.0017
1.7615
0.6437
-1.3697
-0.9354
1.4343
1.1256
-1.4115
-1.3104
-2.4739
1.8997
1.1585
-0.8251
0.8553
1.4023
3.5384
-1.3430
0.6912
-2.1358
-2.1533
-3.2831
-1.3146
-0.4917
2.0992
0.3807
-2.8907
-0.0788
-0.9031
-5.1611
-2.3670
4.3392
0.1767
0.7494
0.2014
-0.0827
1.6577
-3.7548
-2.4784
0.4654
0.0599
2.1224
-1.7406
-4.8721
1.8815
0.0179
-0.5728
-2.1851
1.0880
-1.9575
-4.4681
1.9530
0.1955
-1.3051
1.7488
3.5453
-2.2852
0.6149
-1.1154
-3.2575
1.7152
-0.9911
-2.2518
-1.8203
-0.8221
2.4496
0.4600
-2.9499
0.2791
-0.7817
-0.5431
-1.0584
2.0340
0.8675
-3.6456
-2.8235
1.5538
0.2917
0.2320
0.9799
-1.1184
3.0049
2.4764
-0.5839
-0.2458
-1.0710
2.2527
0.0081
2.3020
-0.3974
0.3004
-1.3195
-1.3987
1.8962
5.2084
-1.4609
0.8016
0.4185
-2.5377
-1.9018
2.7195
-2.2660
-0.5712
0.4885
-0.3624
1.4929
-6.4623
-2.5054
3.4012
1.0846
-3.3976
-1.2372
-1.2459
3.6300
-0.9200
-1.4205
2.4716
-2.0311
-1.9194
0.7972
0.7934
0.1396
1.7538
-0.1194
2.5604
-1.0944
2.2730
-0.0700
0.7826
0.1848
4.5598
-2.0082
1.5375
0.4423
0.0266
4.7334
2.0155
2.5089
2.5480
-0.2516
-1.8960
-0.6333
0.3494
1.2171
2.0540
0.3234
-1.1406
0.8986
0.3984
2.0712
1.8977
-1.1866
-0.0246
0.7211
2.3285
-1.4975
-2.0763
-0.7279
0.4998
0.4945
-0.9196
-0.5117
-1.8077
0.2629
-1.4833
-1.6183
0.1705
4.5248
0.3257
2.5575
0.6673
1.5614
2.0880
0.8696
1.7849
-2.9212
-0.8905
-1.2905
1.1306
-2.1185
-2.5272
1.9614
-3.3516
1.1464
-1.1053
0.3696
0.5208
1.6210
1.0826
-2.3073
-0.0123
1.0570
2.0357
-2.5974
-0.7642
-0.6212
0.8713
-0.8797
-3.2231
-1.9752
1.0518
1.0123
1.4194
-0.6005
0.1362
0.8189
0.8902
-0.4150
-0.8903
0.3673
-1.1999
1.8222
-1.1958
-2.0805
3.8529
-2.7054
4.4785
-1.4485
-0.2357
1.5168
0.6839
-2.3471
-0.5414
5.3533
-0.3386
-2.1982
3.2658
0.3626
-0.9037
2.5601
-1.9702
1.5898
4.1300
3.8977
2.9468
3.9317
2.7501
0.9008
4.6550
0.5559
1.0368
-0.3293
1.9738
2.5920
1.8830
-0.5302
2.4799
-0.1815
0.5133
1.0464
1.5568
-3.9853
2.8045
3.7550
3.6417
-1.5364
-1.9298
0.2024
1.4511
0.3982
1.1518
0.2947
-0.4025
3.3085
0.4085
0.8744
-0.1660
-0.8116
-1.6562
0.3898
1.8213
-1.2309
6.3685
-1.3622
1.3359
0.8874
0.8196
2.0828
0.5661
0.2039
0.4191
4.2109
-0.5101
1.6441
-0.8944
-1.2425
2.2664
0.7100
2.6510
0.7747
1.6551
4.7036
-0.2048
1.2738
2.4610
-5.4180
2.1544
-0.4359
-0.5788
0.0618
-1.4016
-0.1696
2.8564
4.7262
1.5523
0.3102
0.6369
-1.5204
-1.1317
0.8531
2.8954
-0.6952
2.5929
1.7049
6.1915
0.6793
-2.2433
1.9154
-0.5628
-1.0845
3.9259
2.7985
-0.7798
1.4402
1.8521
-0.7278
3.4937
4.2146
0.5151
6.3586
-0.3752
1.6479
0.3349
1.6000
2.8588
2.6034
1.7924
1.1881
3.3004
1.4160
1.2474
-0.4306
0.5423
1.2258
1.6393
-1.6088
0.6639
0.3010
-0.1155
-0.4745
0.2191
3.5140
3.1377
-1.0684
0.1536
-3.1425
-0.0984
-0.8322
2.3738
-0.0361
-2.2900
3.2760
1.3116
-0.3407
-2.4431
1.3508
3.1594
0.1893
-2.6501
-2.0398
-2.7161
0.2245
2.7913
0.5890
-0.3738
-2.5743
0.4161
-1.1722
-2.7533
3.3033
-0.8332
-0.7369
0.4035
-3.1078
2.9652
0.6470
-1.3900
1.0494
0.1310
1.9322
0.3234
-0.2436
1.6556
1.0161
3.0741
0.6655
0.8856
-0.8212
0.9554
0.3248
1.1611
-0.5050
0.2850
0.9698
-1.5161
-3.2297
0.1412
1.2341
-1.7385
1.3757
0.6070
-2.8078
-0.4208
0.4633
-1.1288
1.2884
-2.8529
0.1433
-0.2293
-0.0683
2.5246
-0.1556
3.1664
-1.3835
1.5547
-1.4322
-0.8844
1.7990
0.7266
1.7753
-0.1752
-3.7476
-1.6387
1.6992
-0.6329
-1.4470
2.8363
2.6867
1.1544
-1.2441
1.0723
1.0637
0.3839
0.9316
-2.0901
3.5397
0.0552
-2.5030
-3.4707
0.8219
-1.7859
-0.8180
-0.6386
2.5180
-1.5361
1.6501
0.7025
2.9577
-2.7908
-2.4387
-0.1020
1.3073
3.5497
3.0525
-1.5183
-2.2414
2.8502
0.4235
-0.7557
2.6837
-0.1655
-0.9910
1.4576
2.4870
-4.2124
-2.2171
0.8125
-0.9330
4.4221
-0.0815
0.3059
1.8163
-2.0953
1.5953
-0.7365
0.6428
-0.0329
-0.1361
-0.6169
-1.0130
0.3994
1.4488
3.0876
0.0758
1.5307
1.2919
1.7242
3.4766
0.4240
-2.2494
-0.2434
-0.0404
0.2841
-0.8327
-2.4586
1.6749
4.5021
2.9417
2.8323
0.9740
-0.9747
-2.2319
3.5101
0.0067
-1.6721
-2.1518
-0.7906
0.3032
-1.3316
-0.0790
3.3951
-1.7179
-0.0978
1.8936
-3.1061
0.3481
1.0198
0.3064
2.9958
0.6389
-0.8225
1.1030
0.1109
-0.5585
-1.9636
-0.1774
1.9815
0.7519
0.0116
0.6243
-0.5160
-0.9882
-1.6713
2.2383
1.4568
0.6760
-1.6067
-2.9449
-1.1168
1.0870
-0.9275
4.3731
-2.5401
-0.9245
2.0757
3.4906
0.1034
-1.7524
-2.5457
0.2221
0.0486
-1.4643
-1.3302
2.7618
1.2979
1.7927
3.1407
4.4255
1.4953
-1.2714
1.1728
-4.5145
-0.7346
-0.1574
-0.7271
-1.0339
-4.9247
2.4800
-0.4093
1.2166
2.7969
0.3090
-1.2942
0.7877
0.2042
0.5372
1.1964
3.2343
1.7372
-2.8362
0.8204
0.6745
-0.9004
-3.7609
0.4607
-2.0412
-1.6245
1.9276
-0.3626
2.7065
1.6772
0.1636
3.3439
1.8622
-1.5133
0.6926
-0.6193
3.5609
3.0469
3.7007
-0.1712
1.0918
0.1900
1.4803
0.6422
4.1793
1.5846
2.3289
-1.0436
4.2029
3.0424
4.2177
0.9526
0.3162
0.1478
2.7506
-1.4587
5.8793
4.4632
0.1010
0.5316
2.3632
1.1195
2.2941
2.0808
0.6073
2.2478
-0.8583
-0.1868
-1.6712
0.3517
-0.9545
-0.0059
4.9046
1.3447
-1.3757
1.0910
0.9610
-3.3372
2.2995
1.5412
-0.0043
0.9461
-1.7841
1.1304
-0.9052
1.0169
3.3517
0.8543
5.3800
-1.1671
-1.1256
0.3994
2.4114
-0.5330
5.2803
1.1716
1.0495
-1.4350
2.6700
-0.7260
3.2774
-3.9014
1.0228
0.4948
-1.4978
1.0972
2.5250
-0.3892
1.2664
-1.1303
1.3376
2.5275
2.7998
2.6037
1.5324
-1.4852
-0.7468
1.8704
0.8874
-1.3097
-2.0484
2.4022
-0.8907
3.4233
4.6236
0.5117
-1.8999
3.3575
2.3724
-0.2394
1.5418
2.1215
-1.0994
-1.8752
0.9178
1.8161
2.4991
-0.2323
-0.0803
0.1874
1.8305
0.6057
-0.0302
-1.8434
1.8536
1.0010
0.3134
-0.9284
-0.6435
1.5911
2.2919
-0.6809
1.1790
-1.0424
1.0683
2.2847
0.3937
1.0580
-0.2152
3.1868
1.7348
0.0679
0.7241
-3.9845
2.0455
1.9397
1.9907
3.5985
1.6136
0.8623
5.6401
-2.4040
1.2466
0.3743
-0.2399
-0.1715
0.9027
3.1966
2.5024
-0.7817
-0.8162
-1.6420
5.4488
1.1422
2.2833
3.4321
-3.8525
-0.2158
0.6145
-0.8079
0.3912
1.7835
3.7351
1.9689
0.2418
-0.2038
2.1019
0.0918
2.1415
-1.3905
1.9684
2.1219
3.8276
0.2503
0.7205
1.2702
-4.2166
2.1308
0.7305
-2.0448
2.1363
2.1453
1.9356
1.5476
0.5575
0.3266
4.0008
2.7554
0.8903
3.1368
1.0382
3.0751
2.5317
-3.1296
-2.2913
2.5000
-0.3927
-0.5137
5.5512
-2.2130
-0.2162
1.1895
1.6236
-2.5959
0.9687
-0.6623
0.1775
-2.5614
0.5458
4.2121
5.5968
3.3049
4.1860
2.3466
-2.2890
-2.3335
1.5995
0.2327
-2.5589
-1.4747
4.3820
-1.6378
1.5573
0.0312
1.4382
2.4419
2.9628
2.7308
1.8274
1.3023
2.2730
-0.0662
0.6173
5.0398
0.8937
0.7371
2.3218
4.0201
0.0776
1.0367
2.2174
4.3751
0.6008
-0.6414
1.7002
1.2901
1.4401
-2.5388
-3.8351
-1.5518
-2.0842
2.3581
1.5390
0.7185
2.2146
-2.9328
-3.1052
1.8985
2.3069
1.8558
1.6596
3.0371
-0.6125
0.9819
1.4683
2.7296
-2.1533
0.3857
1.2060
-3.8295
0.9617
0.1058
0.0085
0.0785
0.5652
0.0155
3.1360
0.9534
1.3267
2.0366
-0.7566
-0.6842
1.5297
-1.1011
-3.4082
1.0477
-0.8411
1.0241
4.0168
3.3098
0.2838
-0.0986
-1.2671
0.7927
4.0353
-0.8478
1.2218
2.1321
1.9873
5.4032
-0.5742
-2.3791
-1.6403
-0.1737
1.8421
-0.7913
-0.1467
-2.7546
2.7698
2.7307
1.9824
0.8781
0.4671
3.0271
-1.2776
-1.8877
3.4918
-1.9179
0.6367
-0.7968
1.3525
4.2147
-1.7151
1.7736
-0.2761
0.8121
1.4438
-0.8865
-0.6925
3.0994
1.1990
1.3673
0.4823
-1.8175
-1.8398
-0.1676
3.7787
-1.1645
-0.1380
1.3410
-1.5155
-3.0687
2.6050
-0.6060
-0.5849
-2.8348
2.0944
3.2327
2.4183
-1.5109
-0.2304
0.6389
-4.4281
-0.3703
-4.5776
2.3419
0.3887
-1.1243
-2.3533
3.2407
-0.3414
0.7938
-2.0703
-0.1763
-2.0676
-3.1559
0.7289
2.3477
1.4723
-0.8819
2.4063
-2.2667
2.0064
-0.6269
-0.1651
2.8645
2.0934
-0.9018
1.4796
-0.3092
1.5256
-1.9312
3.4118
-1.3115
-0.6418
-2.6421
0.7197
-0.7580
-0.9873
0.2458
-0.3889
0.0841
-1.8103
-1.6708
-0.4281
-0.1080
-3.1754
-2.5933
3.6133
-1.0977
2.2328
2.7955
1.1558
-2.1153
1.5168
0.4427
-1.7590
0.4651
-2.0009
2.8736
-0.7785
0.4562
-2.1937
3.1763
0.9859
-1.4551
1.8594
-3.3691
0.1130
-2.3620
-1.6631
1.9551
-0.7283
3.0521
-3.3337
0.4647
-2.1038
3.5794
0.0128
-0.7453
-0.3942
-6.0113
4.3802
1.8142
2.9813
-1.5016
-2.1548
-0.0778
0.4733
-1.5175
-0.3502
-0.3292
-1.2784
-3.3063
1.4769
-2.2371
-2.8131
2.4520
-3.2879
-1.0348
-0.4632
-0.4776
-0.2284
-0.2204
-1.3631
0.4099
-2.0064
0.0628
1.8909
0.7422
-4.9532
3.0183
2.8056
0.8860
0.5419
-0.9568
2.7014
0.9503
0.8779
0.0931
2.6102
-2.1825
0.0270
1.5108
1.3977
0.7736
0.1322
0.1548
0.8086
-2.3676
-0.5034
0.7046
-2.0468
-0.5657
-0.1778
-0.4732
-1.4678
-0.4558
-0.7022
-1.3726
-0.3091
-1.4092
-2.5045
2.7180
0.2738
-1.2007
-0.1423
-1.9560
1.4762
0.7051
-1.2403
-4.8881
-2.9626
-2.8429
0.7632
-0.9369
-3.3701
0.0135
1.2667
-0.5676
3.7208
4.6463
0.6624
-1.0046
1.0141
3.4908
5.1301
-3.4749
0.0098
3.4411
-0.4179
2.1855
0.7480
2.1343
-0.5612
4.4169
-0.2340
-0.8370
1.3252
-1.8631
4.2209
-3.0054
1.1661
-0.8860
1.4389
-0.0834
-0.8973
-1.9645
2.0550
1.8678
3.4906
-0.3483
-0.6974
1.7563
1.6863
0.5094
3.1264
-0.2964
0.1161
0.4064
-0.5854
-2.6579
2.7301
2.3099
-2.1077
1.3398
-1.6187
0.3217
0.7235
2.5378
2.1162
2.8772
1.3432
2.1316
-1.4063
2.2659
-0.4840
-3.1726
0.3756
-2.5405
0.4105
-0.0389
3.4045
4.2209
3.4386
-1.7941
-1.7566
-0.7855
0.5084
-1.3178
1.9117
0.6402
3.1037
-0.1885
-0.3722
2.2050
-2.0123
1.8663
-3.3207
0.0174
-2.2140
2.0908
0.8872
-0.7756
0.9763
2.8789
-0.1974
-1.1610
2.5277
0.3817
0.8308
-2.1470
3.9147
2.2784
0.3377
0.3352
2.7264
0.4389
1.7678
2.3636
4.4704
-0.0077
0.9513
1.8449
2.0587
-2.3588
1.5597
2.4384
2.3587
2.6376
0.7173
3.5360
0.2942
1.2883
0.3769
0.4174
2.0200
-2.3912
-0.8766
-2.1991
0.1084
0.0207
2.3269
2.4988
5.3193
3.4213
0.1071
-0.6662
-2.8289
2.8177
0.1880
1.6679
-4.3816
-1.8187
5.3729
-1.9468
-0.1767
0.3151
-2.1568
2.2796
1.5283
4.8527
4.2872
1.4433
1.4305
-0.1172
-3.7788
-1.0873
2.8358
-0.2332
-2.1575
-1.6950
-0.3584
-2.2575
-1.1100
1.7369
-0.0858
0.9574
0.8394
-3.0622
-0.8835
-3.9495
1.8692
-1.7459
-0.9362
0.1577
1.4878
-1.2403
0.6022
1.7837
-0.5186
-0.3462
0.2578
0.9344
-0.6154
-0.1611
1.0409
-1.2158
1.6386
-0.7849
-1.4118
0.6233
0.0057
-0.2155
-3.6702
0.8738
1.9848
-1.4508
-1.5731
0.9856
2.8866
0.7001
-1.2274
1.0362
-2.1003
-2.2501
1.4438
-1.7787
-0.0982
-1.5462
-1.7254
0.8490
1.7385
1.4565
-2.9339
-0.2396
-3.7218
1.7796
-1.8355
-0.3444
1.0124
2.8095
0.7805
-1.0178
1.3733
-1.4148
-1.3658
-0.6278
-2.1840
2.8916
2.4013
-1.5578
0.2447
0.1646
0.8496
0.2320
-0.0582
-0.9511
0.8359
1.8979
0.4088
0.2722
2.3221
1.0476
0.1641
2.2819
-0.1221
-1.7642
0.5703
2.2124
1.2296
0.2985
1.9727
3.5265
1.4530
1.7238
1.7231
-0.5984
-3.1313
-1.0498
0.4990
2.5843
-1.0569
-1.0071
5.2958
-2.8636
1.3416
-0.4585
1.4878
1.2602
3.9659
-0.5737
1.3800
1.5638
-1.5868
1.6909
4.5273
-2.1654
3.1465
0.6882
1.8598
0.6765
2.5343
1.4517
3.2454
5.3138
3.0186
1.3486
2.3945
2.4289
-0.7946
-0.1237
0.9333
2.3786
4.8182
-0.1174
5.0764
2.8002
-2.6992
-1.6416
0.9843
0.9951
-0.2851
1.5210
-0.0531
1.0855
0.6418
-2.5532
0.4068
2.7976
0.7218
1.3280
-0.2210
0.0494
-1.5474
2.7919
-1.7200
1.0948
0.7975
1.3787
0.8413
1.0199
0.7535
0.4530
0.7336
-2.0733
2.6159
-0.2356
0.2357
1.2000
2.7743
0.7432
3.5738
0.5948
-2.9854
3.5670
1.1728
0.2003
0.8347
-0.6592
0.6103
1.3697
3.5957
3.2532
0.6767
-3.1165
2.3115
-0.4983
1.8600
2.0696
1.7079
1.1641
-1.2700
-2.0988
0.0854
3.1308
-0.3402
-1.2189
0.3893
-1.9829
2.4244
2.6654
4.6502
1.1460
6.2183
2.3270
1.8504
1.1469
1.1981
2.1046
1.2080
-4.1720
1.7261
-0.2363
4.7692
2.3084
-0.2273
3.1679
3.0295
0.6684
2.7539
1.4056
2.6394
1.8028
-0.3910
-0.3486
-0.1908
1.8834
-3.3503
0.5763
7.4167
-0.3345
3.6216
-3.1308
-1.1678
-0.7444
1.3142
0.5095
1.3433
-2.4334
3.1442
-0.6397
0.8109
0.1227
-0.4989
-2.6927
2.7868
4.0675
3.0258
0.3534
2.9073
-2.5534
2.2565
3.3395
-0.3240
-4.7516
-0.2529
1.2789
1.1347
0.8122
0.9604
-1.2811
-1.8155
-1.6650
-0.6463
2.2913
-1.5831
0.5103
-0.9487
2.1131
2.1683
2.2120
0.6617
0.5753
3.9719
1.8039
1.2467
-2.8936
0.7689
1.8190
0.1457
0.2576
0.3581
0.1347
2.0008
-2.6464
2.2018
-0.7921
2.7769
1.7046
0.0921
-1.6708
-1.4375
2.3674
-1.3642
-0.1191
-2.0146
0.3269
0.4663
0.5073
2.1754
3.0825
0.1960
-3.4262
-0.1630
-0.6749
1.6625
-0.2402
-0.1201
-0.3684
-1.6900
-2.3241
1.7573
3.6619
-0.5363
3.0346
0.5414
-1.9660
-1.5356
4.2187
-2.2795
1.6655
0.4398
2.1593
-0.8122
-0.0029
1.4640
-0.3432
-0.4101
-3.4728
-0.7946
-0.7242
-2.5958
2.9123
0.9975
-1.4997
-3.5068
0.5739
-1.2937
0.2003
2.9852
-2.6551
2.5586
-0.0810
1.0199
0.7101
-1.3042
-2.5242
1.9328
1.4579
-2.1362
-3.3445
2.1281
-0.2772
-1.4713
4.7335
-2.6745
-0.2221
-1.3790
-1.0690
0.6324
2.0873
3.4389
2.2253
3.8930
0.8658
1.5462
2.8819
0.4756
0.1203
-0.8252
-0.4155
0.2126
2.3464
1.0877
4.8574
-1.5819
-2.7617
-1.2661
1.7148
1.5542
2.9860
0.1654
0.7516
3.2967
-1.3872
-4.2934
4.2190
0.9637
-0.9045
-0.4590
-0.4570
-0.4285
0.9403
1.0830
0.3670
3.1480
2.4210
1.5603
0.6158
1.2028
3.3706
-0.7381
0.3618
2.1701
-0.2668
0.2991
-1.6774
-0.6275
-3.1687
1.9781
-0.4168
0.7768
0.7486
4.4345
1.0224
0.5234
1.8030
1.3566
1.0464
-0.9386
-1.8497
2.4025
3.4844
3.5573
-0.2472
2.0347
-0.2267
-0.5038
0.1460
1.9016
-1.7446
1.4241
-0.2283
1.4308
3.2868
5.4872
1.4167
-0.1576
4.6557
1.4757
-1.4104
1.8687
3.5589
-0.7179
-2.1077
0.1115
-2.0014
1.1553
0.7291
0.7050
1.0719
0.9819
-0.7105
-0.3021
3.4566
1.4628
0.1536
0.1112
1.8740
-0.3853
1.9983
2.0390
2.5296
2.6679
1.6281
1.9274
0.3046
0.6011
0.5748
-0.5614
2.8564
-1.6193
1.1096
-1.6774
1.5175
4.9037
0.3581
2.3316
3.4649
-0.5928
1.1117
3.3273
0.4757
1.0718
3.6724
-0.4936
0.4807
1.4625
3.1223
0.3006
-0.7861
2.0265
-0.9722
-2.2861
2.0139
1.6851
0.8967
4.4471
-2.3505
-0.4536
0.3704
-2.2814
0.7552
4.1531
0.6089
2.3656
-3.3141
2.2788
2.2078
-3.0096
4.4391
-0.3614
1.1845
0.6353
0.5499
1.2312
1.8614
1.3676
1.9720
0.2955
0.2548
-0.0166
2.1834
2.3638
-0.1671
2.2451
-0.0973
2.5782
5.3686
-1.7971
-0.0380
1.9585
0.6071
3.9840
3.5349
-1.1466
4.5747
-1.4609
4.3790
3.6896
0.9349
-3.1455
-0.8605
0.7154
1.4578
0.8107
1.3054
-2.9612
0.6310
0.0691
-1.3657
0.7758
1.0490
5.0541
-1.8082
2.2172
1.4230
4.1148
2.2881
5.5200
-1.5852
1.9818
-0.2183
2.2286
0.8623
1.2724
1.3566
3.1975
-0.0121
3.9023
0.1895
2.7154
-0.9382
2.3228
0.4909
4.1902
2.6556
3.2243
-0.1672
0.8635
1.0560
3.7964
2.3506
2.7859
4.2314
3.8459
4.3912
-1.6202
-0.6080
-1.4897
-1.3751
1.4020
1.9173
3.0188
3.9425
1.4992
1.7896
0.7517
-2.3212
2.7147
3.1341
0.3631
-1.8518
2.4741
1.6834
1.5399
-1.9796
1.4083
-0.5477
1.4693
2.4921
2.2508
2.6084
-2.2246
2.0654
1.9951
-0.6190
-1.6178
2.5095
-2.2423
-2.1963
-3.1974
0.9959
-3.4766
-2.3172
0.1061
-1.6806
0.6019
1.8475
1.6613
-2.0507
-0.4665
-0.4059
-1.0615
0.3290
-3.7770
0.7617
4.5193
0.6313
0.0652
0.9919
-2.7589
-2.3996
2.3915
-2.1898
2.0146
2.1973
-5.1085
-2.4891
-0.3615
-2.3594
-0.1627
0.2892
3.1693
1.4575
0.4508
0.9326
0.3849
-0.3896
1.7536
-3.2138
1.9781
-4.9168
-4.6769
0.5600
0.4139
-0.0398
0.3890
1.0894
-1.0936
1.8326
0.5745
-1.5515
1.9458
-5.6588
-0.7208
-0.2396
0.6379
-4.6097
-2.9564
-1.3202
1.4879
-0.5953
1.7306
-2.3021
-1.3834
-2.1643
2.3333
-1.0558
0.9686
0.0022
3.9010
-2.5709
-3.4517
2.0861
0.4943
0.3882
-0.5525
-0.4437
2.9153
0.4105
-0.7250
-0.3142
0.2377
-2.5208
2.5885
0.2989
0.0318
1.4244
-4.2816
-3.2563
-1.5153
2.1887
-5.2964
1.1080
0.6920
-3.3441
-1.3507
-2.0940
-0.3643
-0.8260
-1.0760
2.3693
-2.3941
1.0846
-0.5253
1.4217
-0.2347
-1.3162
-1.4559
-1.2191
-0.3930
0.0947
-0.9845
-0.3155
-2.9301
1.3929
2.8260
4.0381
2.2370
-2.1397
0.6334
-2.1773
1.5288
1.0026
-2.4502
-0.0117
-3.1242
-2.9596
-0.1457
-1.4624
2.3412
0.5165
1.5349
2.1578
-1.8656
1.4462
-0.8737
-0.0852
-0.3931
-2.8988
-0.3265
-2.3075
0.3829
1.8784
2.1724
0.9438
0.7242
-1.4772
-0.0742
1.5470
-2.7606
2.2663
3.7655
2.8819
0.3495
1.1236
1.0078
-2.8799
-0.1283
4.3259
-2.7334
-0.9401
0.7397
3.4639
-2.9314
4.6275
1.8123
2.5396
-1.1893
0.8218
-1.4786
0.7254
-0.8922
-0.3928
-1.1650
0.4577
-2.8421
1.9676
-1.8000
-1.2753
2.0299
2.4797
1.2101
3.9152
0.9583
2.3934
-1.7807
2.3530
-1.1147
1.0319
-1.6540
0.0920
-1.2169
0.3028
0.2778
3.7825
1.6867
-4.7647
-2.5573
-1.9799
-0.3056
-1.0832
0.5142
-2.3457
1.6796
-2.6868
2.2071
-0.8589
0.4612
-1.5782
0.5437
-2.3012
-0.7990
0.1049
-2.7185
-0.1065
-3.5709
-4.4149
-1.0038
-1.0347
4.5184
-3.4766
2.1903
-1.8993
-2.6649
2.4729
-2.8590
-2.9107
4.1163
1.0814
-3.0893
-1.3944
1.5816
1.5092
-0.1926
2.3308
1.2336
0.2955
-2.6248
-2.7866
-0.2401
2.0937
-0.6612
1.4068
-2.6494
3.2025
2.8541
1.5702
-0.6183
-2.1151
0.2443
3.6654
0.2672
1.8299
0.6236
-1.3201
1.7390
1.8247
0.7738
2.2614
-1.6889
4.1673
4.7936
-0.5224
0.1104
0.7196
3.7882
-1.3040
1.3025
3.7896
-2.5602
2.4591
1.6215
0.2567
2.4622
-1.8134
0.6524
-1.6038
2.2767
4.2431
-1.5163
-1.0291
-0.4586
0.8169
-0.3555
2.9934
1.9155
-1.3261
1.9640
3.8667
1.3801
-1.7222
-2.6687
-1.8001
-1.8551
6.0711
2.0876
-0.6879
1.1775
2.6686
-0.8502
2.1421
4.8478
1.5750
0.1007
2.0707
-0.0584
-0.3524
2.8731
0.0098
2.7259
-0.5791
0.1251
-1.1083
-1.4263
1.8748
-1.0862
2.2799
-1.0734
3.7320
2.4253
1.7259
-0.9305
2.8318
2.9688
1.4316
-3.8297
1.3018
0.8239
3.5506
-2.4157
1.2974
4.8540
2.8448
1.2492
-0.3986
0.2167
5.7904
-1.4548
1.9713
1.0256
-0.4875
7.2561
2.7051
0.2083
0.1040
-2.1269
-1.7669
1.0978
1.5151
1.1042
-1.4146
1.9624
0.1051
-2.6541
-0.0010
-1.2501
-1.9340
-2.3458
4.0914
0.9662
0.6790
2.2540
1.1789
-2.2648
1.5126
4.1477
2.6929
0.7396
4.8456
-0.8246
3.1987
-0.9997
1.8433
1.2850
-0.6200
0.0629
-1.3486
1.5113
-0.3068
7.6843
-0.4673
1.4012
-0.3693
-1.3980
-0.9694
-0.6888
-1.6599
-2.0489
-0.9510
1.0363
-3.1003
-2.0080
-0.8212
-0.1841
0.2681
1.2324
-0.3700
-3.0077
0.6086
1.8012
2.2843
0.0853
0.6348
-0.4350
0.0752
-0.0847
0.3821
-3.3503
0.3874
-2.9633
-2.1723
0.3215
2.5793
-0.9353
-2.6517
0.5930
0.9027
0.5695
-3.8698
0.1177
1.4646
-1.8452
-0.9279
-0.4697
0.4487
-0.4789
2.3202
3.1865
0.6690
-0.8336
-0.3670
-0.3892
-0.3203
-2.0084
-0.6968
-2.3571
-1.8808
2.3332
-0.6887
0.6229
-2.4612
5.3689
1.4942
2.1837
-4.2892
0.2546
-2.6314
-2.4223
3.2115
0.8261
1.8185
1.0312
2.4840
-2.5648
-3.2377
-0.5499
0.3524
0.9720
4.0623
-1.8133
-3.4534
-0.7644
2.7314
0.0317
0.7289
-2.9720
-1.0484
3.5542
4.2280
-2.1775
0.8937
-0.9635
3.1940
2.6804
-3.7941
-1.1633
-3.4406
0.4637
0.3144
1.4363
0.6743
1.8495
1.2843
1.3296
0.1737
0.7473
-0.7146
0.8051
-1.9859
-1.9286
-1.4366
0.6005
-4.0670
2.6290
-2.0161
2.1768
3.7005
1.0982
-0.6294
2.4174
6.2860
2.7316
2.8294
-0.6680
1.5608
-0.4510
-1.1146
2.4574
7.2679
0.9893
-0.6409
2.3572
1.7022
3.7581
0.0463
3.0999
0.2643
2.6805
5.0752
0.9852
-3.0794
2.7546
-4.1106
-1.9093
-0.5069
-1.3002
0.0444
2.3413
1.0109
1.5760
5.3218
-1.6751
2.5095
0.8922
-2.0912
0.3479
4.1664
0.1002
1.4747
2.6555
1.8183
2.0047
-0.3574
3.1436
0.2973
-0.0282
0.4401
-2.5197
0.2853
-1.3244
0.2266
0.9418
6.0830
2.1534
2.9364
0.2913
3.7633
3.0664
3.0336
-1.3642
-1.5792
0.5838
1.1115
1.3899
0.0937
-2.0571
4.3974
2.5478
-0.4637
0.0532
1.9132
2.2824
2.9950
1.5473
0.3131
1.6249
-1.4981
-0.4592
0.2881
1.6498
5.1750
1.9699
1.8663
2.9319
2.4037
1.3161
0.5086
4.2579
-0.7689
5.6839
0.6486
-0.4165
2.3359
1.9557
1.8059
3.5055
1.4353
2.0122
3.1977
-0.8170
0.9706
2.2196
0.4146
4.4559
3.8309
1.9057
2.1598
0.4118
3.3533
2.2442
1.9180
1.0132
-0.9709
0.1422
2.5244
3.4787
0.0455
0.5310
5.0504
-1.0278
0.5064
-2.4447
4.3384
0.5421
2.2576
4.6388
2.8678
2.6622
3.2469
0.9643
2.5642
2.6532
0.3195
2.6970
1.5293
2.6479
0.4761
-2.3520
1.9559
0.5507
-0.9527
-0.4647
-3.7413
1.7763
0.3154
2.1020
3.1662
-3.0344
-5.0453
2.5775
-1.9065
-4.4233
-0.1649
1.4615
1.4382
1.1112
-1.6994
-0.4561
-1.8186
1.0275
1.5353
1.2869
0.7036
-1.5908
0.0383
-2.0604
-1.6717
2.0310
-3.1132
3.0941
-2.3185
-0.9342
-1.7775
-2.3316
-1.1827
-0.6480
-3.7155
3.9248
-1.3735
-0.5331
1.3477
0.0972
-2.7744
1.5327
-1.1601
-1.3121
-0.0365
3.5160
4.8154
0.6808
-0.3578
0.9168
1.4816
0.5941
-0.2768
-1.8623
-0.8126
-3.3485
0.8595
1.3715
0.1861
-0.2223
0.2234
0.7984
-2.0679
-1.9998
2.0944
0.8960
0.9699
0.3856
1.6809
-0.0267
1.2811
-2.0381
0.3128
-1.1812
0.5403
2.3349
0.3803
1.2140
-0.4868
-0.0454
-2.3958
-1.2356
0.2844
-4.0934
0.0879
-0.8868
1.8430
2.2420
-2.3289
-1.3036
2.6224
3.4256
-0.7071
-1.8722
1.0702
1.6350
-1.5016
0.1004
-3.8831
-3.8000
2.5744
2.3953
0.2150
-3.1021
1.4129
-2.0407
2.6809
-3.4197
0.8070
1.4981
-2.1152
-0.1412
0.7680
1.7781
-0.9721
1.8510
1.1046
-4.0838
0.6173
-1.7497
-0.0293
-0.5913
-0.4521
2.3684
5.5435
2.1923
0.8722
-2.8546
2.1176
1.5260
1.3780
0.6568
3.9598
3.5084
-0.1676
-2.1735
0.0823
1.2705
-0.3742
1.6304
1.2469
4.4814
3.3391
-1.4442
1.2730
3.1997
-0.3570
2.9894
1.9488
3.6849
0.2481
-0.0214
1.4388
1.5878
0.9408
-1.1128
1.5101
6.2609
-0.0135
-0.0714
2.7335
-0.6904
-1.4031
0.5733
1.5835
-0.6405
0.5362
-3.4001
1.7748
-0.8417
1.6289
3.8048
1.9880
1.3993
0.1411
-0.0721
-1.8569
1.0249
0.9326
1.0750
1.7556
0.8791
-0.2774
1.1384
-1.6331
1.4694
-1.3491
1.2707
-0.1500
-2.6684
0.2371
0.5720
-1.3875
1.0077
1.1800
-0.5226
2.8391
0.0042
3.7174
0.8330
4.0287
1.6848
3.2035
-0.1270
-3.1109
-0.5323
1.4647
-1.9035
0.2019
1.3841
-0.2751
-2.5499
0.3325
-0.6627
2.5626
3.1039
3.3823
1.7039
3.4315
0.3919
1.3383
1.5984
-1.1152
1.2703
1.1057
4.2525
0.8951
-2.5707
-0.7308
-1.6554
2.3927
1.0113
0.9129
1.8950
1.5009
1.1768
-0.2157
-1.1166
-1.2986
-0.2306
1.0814
-0.9302
1.6678
-0.4140
3.8049
1.6651
-1.7439
-0.8999
-0.0165
0.8510
-2.6679
0.7022
-0.4529
1.3554
1.1538
4.4557
-2.1325
-0.4226
0.6498
3.3817
3.2402
2.3327
2.3821
-0.9117
-1.9204
0.1064
1.5989
1.6109
1.0092
-1.2720
0.4711
1.4030
-0.2443
-1.0848
4.7799
1.0618
-1.4065
3.7999
0.5880
4.1129
-1.0628
0.8843
-0.1555
-3.4050
2.4223
0.1613
1.4264
3.6589
0.8525
4.2781
-0.4842
-1.2430
3.2323
1.3798
0.7489
1.5692
-0.1927
0.3079
2.2001
-1.8945
2.4395
3.4954
2.8987
1.7550
1.5280
1.2082
1.7645
-1.7270
3.3010
1.2985
0.8409
5.1589
4.1936
2.2678
0.2371
3.4476
-4.5150
-0.8707
1.0419
1.6956
3.8645
4.7780
-1.1422
3.2526
3.2014
5.1223
2.5404
-2.0262
0.3894
1.8062
-2.5030
-1.2230
-0.8387
2.7908
2.1329
-0.9122
1.6223
3.2878
0.6174
0.7914
1.3447
1.3509
-2.3093
3.1491
-2.1558
3.3350
4.6425
-0.4368
-1.2852
0.8048
-1.2053
3.5634
3.4437
2.3644
1.2113
-3.5353
-0.2305
2.0621
-0.6812
-0.7046
1.2281
0.1661
5.1912
0.1436
-1.6156
-4.9385
0.2797
2.1512
1.2374
0.5828
0.4890
1.4641
-1.2210
2.0406
3.2112
0.7896
1.1079
1.2993
-0.2341
1.2968
0.5630
4.0869
2.4698
-1.7466
1.4000
3.6346
2.7486
0.8803
2.7310
4.0367
1.5389
3.8781
0.7185
1.6858
-0.1015
-1.0593
4.7774
1.0286
1.7638
1.8441
-1.4520
0.6042
0.5752
6.2646
2.7623
-0.7892
4.1533
-0.7602
-0.8354
2.0508
6.9718
0.6347
2.2758
-0.3545
0.4098
1.3560
-1.0411
-0.8585
4.0023
0.6137
0.5624
1.3014
2.6615
2.9383
3.0048
1.5159
0.4303
1.8622
-1.6146
0.9284
2.0040
0.4081
2.9697
4.7869
-0.1101
1.0798
1.6182
3.9960
2.7365
1.3437
-1.6045
0.4732
0.1528
-0.7077
0.8751
-0.4450
-0.8044
0.6244
-2.3476
-0.4401
3.2538
-0.0889
0.6284
1.5022
-0.7599
0.5026
-1.2281
0.3236
-1.1637
6.8045
-2.0818
-1.9860
0.9506
1.5079
0.4482
-1.6971
0.6992
0.3751
1.6890
-0.4117
-1.9964
-0.1295
4.4641
-0.8968
3.2627
-1.6664
1.3000
2.6823
4.1807
-1.0053
2.3523
-0.0025
1.2472
0.2230
2.2313
0.6520
-0.5361
-1.0623
-0.2981
3.0122
-4.0845
2.5265
-1.2129
-0.8032
4.5670
0.2642
1.0544
3.0380
3.7936
2.6009
6.0855
3.3439
2.7361
1.1142
1.4109
-0.5640
-1.0525
0.6933
-0.7349
2.0278
-1.9677
-0.1759
0.3360
0.4719
1.9613
0.2924
0.2552
-2.4976
0.8847
3.5793
3.0881
0.2403
1.0134
1.3572
1.1998
3.3172
-0.8184
0.4558
-1.4654
-2.1917
-1.1750
-0.0255
3.5580
-0.0511
-2.1046
-1.6776
-1.5871
-0.8300
-0.6883
-2.5883
1.3024
-0.2571
-2.0963
2.5256
0.2404
-0.2916
0.7183
-2.5073
-1.4942
2.6203
0.2238
0.1673
1.7638
-0.8480
1.9817
1.6403
2.6450
0.0962
0.8059
0.9419
3.4813
-0.7706
0.1386
0.1787
-2.4411
2.9963
-2.1312
-0.5593
0.2083
1.1804
-0.1044
1.4196
-1.4889
-0.1393
-1.2045
3.6889
1.2738
-1.9839
-1.9666
2.1664
-0.3385
0.5524
-2.2337
1.4182
3.6279
1.8954
2.4690
0.7947
-0.5958
-1.4044
2.1732
-1.4155
-0.2156
-1.2139
-0.7688
-1.4097
0.2894
-2.2383
-1.8549
0.1614
0.0264
0.8522
0.6521
3.8637
-1.1823
3.0829
-0.8635
1.1574
0.6657
-1.6014
-1.7060
3.0462
1.2701
1.0125
-0.5903
-1.2119
-3.4362
1.8806
0.2072
2.5478
1.6197
-0.5995
0.7078
1.8383
1.4684
-1.1398
0.6995
-1.7049
-2.8430
0.0621
0.2096
3.1401
2.2852
-0.6964
-0.4021
-1.0340
-1.2131
3.2836
-0.3663
-0.7067
1.3418
-2.8041
4.0164
-2.1084
-0.0445
-2.1014
0.1345
-2.8780
-0.1399
-2.8279
0.8324
1.3778
0.5232
1.0382
-0.3666
-0.0262
1.4823
-0.2167
-0.9686
0.0303
-1.3945
-4.5647
0.1136
-1.2343
-2.4296
-1.7253
-0.2370
1.6548
1.5058
0.1632
0.3452
-2.0119
1.3288
-0.0014
0.4429
2.0039
-2.2043
0.6944
2.1543
2.7357
0.0207
-1.3663
-1.9987
-3.9018
-1.6572
0.9086
1.6307
-0.8157
1.0199
1.2461
0.5548
-0.9038
-0.3285
-1.5332
3.4372
-0.0760
2.0999
0.1545
-1.1460
0.5068
-1.5842
-0.8008
0.0794
4.5223
0.5311
-0.6038
-2.9594
3.9394
1.8690
0.1132
-0.8475
-0.4000
-0.8264
-2.6300
1.1345
0.5707
0.3568
2.2299
1.2354
-3.5580
0.4611
-2.0901
-2.3560
0.1059
-1.7815
1.4116
0.8137
0.8427
1.4216
-0.2038
0.3492
3.4245
-1.9015
0.8229
-0.5985
-0.7162
2.5141
5.1004
-1.4391
0.4277
-4.7547
0.5133
-2.6751
-3.3639
0.4513
1.9525
0.8163
1.1302
-0.7656
2.6661
0.7946
-0.2955
-0.4873
2.6645
2.2953
-3.1030
0.0965
-1.7336
2.8546
2.7494
0.7363
3.7622
1.6456
-1.3368
-2.5257
2.0064
2.2757
1.2900
2.6167
2.4260
4.8630
1.2529
0.2286
4.9697
1.0916
4.2921
-0.0226
1.5035
-2.0965
2.3652
5.7706
2.5373
2.3800
-0.3305
2.2136
2.8551
3.9152
-0.3385
4.9858
-0.9494
2.8776
3.2599
2.5303
4.7422
2.3759
2.0394
5.3900
-0.5729
-2.4115
0.8375
0.4223
1.5937
-0.0002
-2.6811
3.8642
4.8287
-2.4848
-2.3027
3.4685
2.8359
0.3975
-1.5241
-0.8151
0.3449
0.7036
2.2642
0.6688
-0.0662
0.0509
2.0279
2.6682
3.4244
0.0586
0.2599
-0.7548
1.1912
1.0706
-1.1727
3.4722
-1.4279
3.2756
2.0213
1.7591
3.7606
-0.5837
6.5463
3.4066
3.7334
2.9104
0.4223
1.7194
0.0220
2.5576
-0.8257
-0.5738
1.7694
3.0916
0.8704
-1.9118
2.5580
1.0369
0.7004
1.8233
-0.6188
-0.6942
0.1673
-2.1902
-0.2475
1.3497
5.7146
0.9868
-1.2150
0.6607
4.3639
0.9780
3.1632
1.5337
-0.6115
-1.1334
0.2834
3.7735
4.8798
3.2731
-0.3900
2.3835
-1.9810
-1.1267
-0.4600
-0.6896
0.1272
2.0466
4.1095
2.3755
0.4190
1.0634
2.2871
0.6997
0.8531
-1.6791
-1.5266
-2.5106
0.6153
-1.1650
-2.4647
1.2745
-1.5218
-1.3041
-0.7989
0.6500
0.2844
-2.2879
2.5747
2.1036
0.3688
-1.9668
-0.7038
1.6454
3.7157
5.0149
-0.5379
2.4879
-2.0167
1.1444
0.5500
-3.3126
0.4926
1.2014
-1.5944
-0.8672
0.5725
-2.3290
-1.9589
-0.3010
-1.4662
0.2727
-0.7299
-0.4625
1.3576
-0.7137
-2.1980
-0.5404
1.4577
-1.2533
1.0669
-2.4121
-2.8127
0.9817
-0.9353
-1.4912
1.4535
-0.9933
-1.1650
2.4037
0.7902
2.2560
1.0714
-0.1341
-0.4299
1.4493
1.2364
-0.5062
-0.3488
-1.4436
-0.6738
-2.3955
1.0517
-0.0737
2.7734
1.4923
-2.6939
-0.4324
1.2915
0.2272
-0.5998
1.9885
0.7419
-3.0004
-0.7029
-1.6241
-3.7140
0.0534
4.9688
-0.3864
1.6241
2.0634
-0.1296
-0.0657
2.0110
2.1647
-1.6230
-2.0187
-1.0038
1.1133
-0.6211
3.0083
-2.2866
2.0257
-0.4183
-3.0459
0.2362
2.9399
0.5729
-2.7814
2.9285
-0.3268
-0.4859
1.9840
-3.3097
-1.1837
-0.7724
2.3071
3.0230
0.7823
1.1671
0.2922
-1.6646
-3.3187
2.3202
-1.3059
-1.2433
3.9580
-3.7738
-0.7985
2.2576
-4.5617
-0.5404
